Time:						    Temperature(C):     Altitude(m):        Pressure(psi):
50.00296301471036
50.1461139449933
50.25652852755918
50.425285176891656
50.474271845910636
50.531924551254825
50.57078587087932
50.70941005908442
50.731528316492245
50.75296378875388
50.81241438576362
50.83919573253942
50.87783020618858
50.96885358487297
50.988705791494894
51.043283087646216
51.0555616144715
51.23606813688403
51.327663556765046
51.44175319142358
51.4559713225094
51.56503426067777
51.62619845485056
51.69588772909189
51.862330721268506
52.01962608635708
-6402.681956026508
52.069613805064755
52.107967641310594
52.44116487617584
52.59509714709016
52.69086416998642
52.7171579024322
52.79648084381977
52.81508359903048
52.96596378518653
53.25501437036257
6560.45148880501
53.370851402794244
53.38650090489733
53.547457409627356
53.55646619518379
53.78271458320266
54.07562532913973
54.20714296042745
54.240072749336456
54.34765507575051
54.59811121382946
54.59975025352787
54.70808719802106
54.87657072253077
54.983100311727426
6776.487952952627
55.15090459867983
55.5387846958289
55.55280304839433
55.63804263550415
55.70724466035132
55.760412201234566
55.984620566431666
56.08180470132235
56.323518076861816
56.59583691916331
56.689477311390235
56.84309816706873
57.20668301816284
57.499490197738865
57.51194597563575
57.517321068540966
57.59379750729937
57.60627420862147
57.635493456553775
57.69793079602576
57.74477053169031
57.84358856030464
57.95876337300948
57.971046053660935
58.011535079876055
58.10378661825105
58.1558322817522
7158.736191572476
58.21931827386556
58.45415816186145
58.54833081170635
58.56006741731929
58.662088542532686
58.716173063514454
58.717148859781574
58.79806393388593
58.82001685880828
58.858851124935555
58.92021857317748
58.99156700990732
59.035547913284304
59.05857917520968
59.211939967903696
59.36300128198019
59.38786495632292
59.40063151441583
59.409562813265204
59.50715246427879
59.56416264173431
59.606324184377
59.62080003748987
59.638604947466256
59.65329217823007
59.717325351855756
59.84108953076445
59.87021902466921
59.89911147120447
59.903926093085644
60.05216190408175
60.129495624603514
60.273372496285674
60.60090372588706
-7463.49866558904
60.712068986628125
60.82159654997926
60.951476456252486
60.99978169221038
61.02475604138796
61.036973703986256
61.065876058910064
61.2000808333813
61.66803542219773
61.77320730279551
61.8893123067677
62.01599211633996
62.05102729172635
62.14818594981858
62.15684750300771
62.324832462920035
62.66466236328877
62.70065855894408
63.01877742196821
63.0400218298966
63.06558512185539
63.13516900150257
63.28331797178183
63.33574582761409
63.426881520302125
63.48988630316638
63.53085983751511
63.62515549836695
63.64113475497929
64.21002195660786
64.29788354060173
64.39092401874025
64.72740349875228
64.89902336778941
65.03437473815444
65.11638557225707
65.24450386679271
65.31152372382677
65.43355264147965
65.4339110182468
65.49038967241361
65.5888050283583
65.60473197561933
65.67249124306073
65.83547538995049
65.83719996624116
66.0957780826067
66.16039917538241
66.22113508464545
66.33139080498907
66.48678087113458
66.50347823956027
66.59464038957685
66.668634277809
66.7531331642125
66.76211688271383
66.77423303392504
66.97071296224777
66.97865769221612
67.10458089563176
67.13359469558544
67.21955942868519
67.27096930202691
67.57260247468378
67.6841470635482
67.7390903170062
67.75636744927438
67.84408151898414
67.92147324972143
67.99240276903274
68.01353768074125
68.10339379411346
68.21303739145257
68.24814192166751
-8397.916746035191
68.37176329440264
68.42078406702268
68.42369273302518
68.54603404722005
68.6335351631141
68.7187503705412
68.72763549539152
68.77013908135899
68.81000981963548
69.18174054619043
69.31730249655
69.43674107838372
69.45190883085439
69.53816982344775
69.64877538953374
69.66193422698896
69.68412145971115
69.70626195877527
69.77517938778111
69.92695594456156
69.94326231807857
70.02629232388269
70.13848304143433
70.21952139608112
70.32916816806745
70.44247091677958
70.4907477286011
70.6464831484811
70.74757171158919
70.77558012223106
70.89615409731753
71.01786628091034
71.34816630953067
71.40722209256556
71.58667030896193
71.66171487210893
71.72540694839758
-8828.812045929026
71.9299370339056
71.93719723248238
72.13609474908579
72.17292389108188
72.4418094867797
72.56324153444471
72.87730857261654
73.01299520643856
73.05033494949609
73.05713134255
73.35886616893117
73.40155794531967
73.53484291233848
73.55028339022141
73.75438359078402
73.96114501800233
73.97329137764596
74.01146071423071
74.04674115490073
74.10651869989582
74.32078703082391
74.58498738064267
74.77476937949545
74.86938841670188
74.87390844408426
74.89198124347685
75.09824627515383
75.15685063006495
75.51037432366303
75.61795136556427
75.72520312044928
75.81936547479197
75.84598289088096
75.98809137077012
76.01087849168253
76.08995632550142
76.38874124913609
76.57187449963033
76.59387361754212
76.76247447038331
76.76397664293744
76.79329725802442
76.84359395314877
76.84367326003982
76.86381857794255
76.88084154515174
76.94989667468965
76.9631154725371
77.00479503590441
77.01767816195039
77.06496281060693
9487.684275350284
77.20874170129133
77.33458281077532
77.43853507979803
77.62752258112194
77.7077166880703
78.00458497304497
78.04042698031377
78.0523908091958
78.06127733931979
78.45805666361849
78.8834384276339
78.93104646548366
78.98263837598851
79.13269155745873
79.30488325217821
79.55825406442807
79.7450215446528
79.92815823008159
79.99539997992089
